１日目 ２日目 ３日目 ４日目 ５日目 ６日目
６/１（月） ６/２（火） ６/３（水） ６/４（木） ６/５（金） ６/６（土）
区役所 731 594 388 1,713
南部すこやか 157 156 106 419
東部 143 140 72 355
江古田 88 99 67 254
野方 160 151 95 406
鷺宮 150 144 65 359
合計 1,429 1,284 793 3,506
区役所 712 690 323 1,725
南部すこやか 155 190 99 444
東部 147 158 74 379
江古田 95 101 55 251
野方 166 189 101 456
鷺宮 180 185 62 427
合計 1,455 1,513 714 3,682
区役所 1,443 1,284 711 3,438
南部すこやか 312 346 205 863
東部 290 298 146 734
江古田 183 200 122 505
野方 326 340 196 862
鷺宮 330 329 127 786
合計 2,884 2,797 1,507 7,188
2,884 5,681 7,188 7,188 7,188 7,188
【参考】令和４年５月２２日執行　中野区長選挙　期日前投票日計表
５/１６（月） ５/１７（火） ５/１８（水） ５/１９（木） ５/２０（金） ５/２１（土） 累計
721 1,101 1,543 1,895 2,298 3,105 10,663
149 293 412 509 666 1,064 3,093
134 216 385 460 539 906 2,640
85 152 262 331 407 719 1,956
174 293 432 503 704 1,111 3,217
189 312 340 492 723 988 3,044
1,452 2,367 3,374 4,190 5,337 7,893 24,613
1,452 3,819 7,193 11,383 16,720 24,613
令和８年６月７日執行　中野区長選挙  期日前投票日計表  (区長)
累計
累計
今
　
　
　
　
　
　
回
男
女
計
江古田
野方
南部すこやか
東部前
　
　
　
回
区役所
累計
鷺宮
合計